start=1234.420000
pause=yes
volume=130.000000
