start=39.915000
pause=yes
volume=130.000000
