start=676.440000
volume=130.000000
fullscreen=yes
