start=102.394000
volume=120.000000
fullscreen=yes
