start=198.533000
pause=yes
volume=130.000000
