start=89.631000
pause=yes
volume=130.000000
