start=120.579000
volume=130.000000
