start=548.027000
volume=130.000000
