start=55.920000
volume=130.000000
