start=229.187000
pause=yes
volume=120.000000
