start=168.251000
volume=130.000000
fullscreen=yes
