start=128.754000
volume=130.000000
fullscreen=yes
sid=2
