start=84.668000
volume=130.000000
