start=171.004000
volume=130.000000
