start=1239.583000
volume=110.000000
fullscreen=yes
sid=1
