start=80.840000
volume=130.000000
