start=7692.643000
volume=110.000000
fullscreen=yes
