start=162.329000
pause=yes
volume=110.000000
