start=2871.201567
volume=102.000000
fullscreen=yes
