start=1685.976000
sid=1
sub-delay=0.900000
