start=1724.806000
volume=120.000000
fullscreen=yes
sid=1
