start=502.033000
pause=yes
volume=130.000000
