start=3.500000
volume=130.000000
fullscreen=yes
