start=1647.896000
fullscreen=yes
sid=1
sub-delay=1.000000
