start=37.000000
pause=yes
ab-loop-a=0.080000
