start=132.960000
volume=130.000000
fullscreen=yes
