start=1631.213000
volume=110.000000
fullscreen=yes
