start=89.256000
volume=130.000000
