start=1660.492000
fullscreen=yes
sid=1
sub-delay=1.400000
