start=4266.888000
volume=130.000000
