start=345.387000
volume=130.000000
fullscreen=yes
