start=135.093000
volume=130.000000
fullscreen=yes
sid=2
