start=90.007000
volume=110.000000
fullscreen=yes
