start=1641.306000
fullscreen=yes
sid=1
sub-delay=0.900000
