start=1591.006000
fullscreen=yes
sid=2
sub-delay=0.900000
