start=1644.601000
fullscreen=yes
sid=1
sub-delay=1.100000
