start=1.668333
volume=130.000000
fullscreen=yes
