start=1670.168000
sid=1
sub-delay=1.100000
