start=1641.890000
fullscreen=yes
sid=1
sub-delay=1.300000
