start=986.402000
pause=yes
volume=130.000000
sid=1
