start=1628.752000
fullscreen=yes
sid=1
sub-delay=0.900000
