start=54.400000
pause=yes
volume=130.000000
