start=1752.042000
fullscreen=yes
sub-delay=-0.100000
