start=1275.191000
pause=yes
volume=120.000000
sid=1
