start=90.591000
volume=130.000000
fullscreen=yes
