start=28.880000
volume=130.000000
