start=342.425000
pause=yes
volume=106.000000
