start=101.143000
volume=130.000000
fullscreen=yes
