start=3656.523190
volume=130.000000
fullscreen=yes
