start=2824.780000
volume=120.000000
sid=1
