start=91.007000
volume=130.000000
