start=226.000000
pause=yes
volume=130.000000
