start=2174.964000
volume=130.000000
fullscreen=yes
sid=6
