start=1724.556000
fullscreen=yes
sid=1
sub-delay=1.000000
