start=253.920000
volume=120.000000
