start=2729.060000
volume=120.000000
fullscreen=yes
sid=1
