start=1416.367000
volume=130.000000
