start=2804.885000
volume=90.000000
fullscreen=yes
sid=1
