start=2736.525000
volume=118.000000
sid=1
